0.6 0.8 0
39 1 26 39
2.79367926342903 11.0816114666785 -13.2546721095914 -13.1120123330363 -8.99767119611001 -7.06644128097022 0.983147685701679 -0.083422028215767 -9.01818903747206 -13.8194405817094 1.42191593482954 -8.66166010195925 14.305860941322 -3.9107623797574 -14.2806266019461 -12.27341135234 -6.4509582770277 1.18386365239738 -2.24791277212207 -4.49849775520831 4.61187698588533 -14.8989325837865 1.70137188134601 -17.2508011220561 4.97959388440127 1.7440517298196e-321 
1.13505892836224 -29.4319987487384 13.7682128212677 21.4734043172908 -0.716057019486472 0.589537262075473 -3.04295621484745 3.79114789174022 -1.64454743683255 21.3951620718561 -4.96482234831844 -13.3296966961161 -2.5372191021288 -37.5004246591559 28.5132088488029 0.805180179036847 -1.93354303248652 3.50954111791909 -5.4918823409781 4.63142730645783 -4.47054451425915 0.0661931577760034 -0.50842752259511 4.85188848584479 2.91497460668483 1.03259719980821e-321 
3.58123478924918 2.4831948737018 -13.0094371050193 19.1227413530517 2.48974410114747 -2.7514767255783 -3.47106368705138 -5.37471653783693 0.118196047778578 -3.93172631194336 0.229259212258606 9.41390612534424 -3.12758725970552 13.1587406369721 2.4098969844261 15.6515001076526 -4.84987109149154 -14.5904108384484 9.55318821690952 6.87965922775501 -9.67797215866075 -3.92482119329406 -2.05197060444571 28.361593110376 -3.05396677428429 1.03259719980821e-321 
0.460025801825863 0.128830339690688 0.220693554171731 -0.169486883474073 -0.0921572047878136 0.249203070217652 -1.30067381645887 -0.10674541413113 0.0566603511884048 -0.161480606133694 -0.096937052038096 -0.290876280538646 0.204614853880342 -0.170826806527859 0.150392491759573 -0.516984425753343 0.64842458026398 0.414219653929206 -0.899678609351696 -0.238552903173076 0.215262226707636 0.172148888875602 0.0970970825614008 0.777001115886247 -0.332068169668494 1.03259719980821e-321 
-0.392858370775538 0.0621816986319589 0.448604907155159 0.0333417829747225 -0.27135954479898 0.167021526219804 -0.786325948421228 0.377592533884328 -0.00952353622821943 0.0110675679334556 0.321698018999209 0.0161096941565825 0.581963415130559 0.20690214534051 0.187895013918091 -0.0328369303694479 -0.261299537870091 0.151871912826291 -1.02156563775866 -0.236312368699185 0.144439980351045 -0.11492655147287 0.251817852974106 0.813150690998159 -0.211885759987015 1.03259719980821e-321 
-0.28776739989423 0.282146394999777 0.225858221974183 -0.605882338412654 -0.206917566329965 -0.0803768937504344 -1.19464647185386 -0.056715306485736 0.146163887479408 -0.478443270388776 -0.10585892745233 0.0286317700947587 -0.111053411315745 0.196755529165146 0.553476360661031 -0.82170750126752 0.609841742898681 -0.198504187631672 -0.109772258726586 0.489527673574499 -0.455267699220349 -0.102177706846551 -0.436001412077384 0.296519272826333 -0.37866640429657 1.03259719980821e-321 
0.164389016334018 0.559932318422673 0.144221372857404 -0.118645695188782 0.772898104307006 -0.640513525213468 0.261236851674902 -0.0938159810486336 -0.286634275723168 -0.239453664925886 -0.401252380082243 -0.318038250888165 -0.179469601352518 0.758133861169659 0.561720108340368 0.0834137660080176 -0.379172687800959 0.11625547510627 0.211801069833172 0.143434538261794 0.172998999382941 0.12792905993624 -0.0591682766159189 0.20773919219129 0.397386601069941 1.03259719980821e-321 
1.22192822800366 0.732098283938155 5.42721378185772 -0.740844007611128 -0.836009456712354 2.44907861809397 2.2253557487649 0.5451737486942 -0.441276772368266 -2.03609066493261 -0.46944311827041 0.757557338329043 2.83591803797746 -2.41780446403317 -1.00401901845549 -0.828431644771812 1.14904848183274 -1.60038185891976 3.73147309969465 0.238491573271396 1.16378555754098 -1.42231263361921 -0.465473152824791 -2.31267905953789 -1.10846363299948 1.03259719980821e-321 
0.453471299251997 2.51660681954896 1.09207821482399 -0.648560242872583 -0.828548278870198 2.43603774198949 0.705974156587664 0.574634091125434 0.0639022578859143 -0.904317065881776 -0.889310639452406 1.60077468408652 1.44612223381291 -1.31250401066843 -0.447643564157832 -1.40155229932833 1.71790123443549 -2.27535026933688 -2.15805224319529 0.646971480100424 0.756774214161939 -1.00203193463925 1.61223583713783 -1.78473524743534 1.49797824478195 1.03259719980821e-321 
0.860661569970528 0.66585317065779 2.97087187802353 -0.788175459436816 0.622980072700717 1.96466741672672 0.970764460145323 -1.07165003331554 0.210127688953559 -2.79728085991185 0.171864397617724 0.700181449025252 1.33945073378856 0.696699898126077 0.326121037415791 -0.197108408716259 0.84077248392372 -0.964494022873546 -1.55935641950692 0.750252521334485 0.966783693782118 0.0929663014021747 1.16771064508315 -2.50842852950081 0.060580506840061 1.03259719980821e-321 
1.12033129936155 -0.280353757616214 3.15098267184369 -0.632619281520043 -0.378654484386898 0.727589190202563 -0.974846413808368 0.55921709448466 1.15851111176618 -1.23015894526152 2.21938831978959 0.0701054500479398 2.27839922178638 1.13640149711373 -1.25593671154292 0.388492363582301 0.35164541183547 1.41385694726343 0.599237635514363 -0.404193380100732 0.764325752670513 -1.33360093361648 1.07298336159365 0.981122926220814 1.54137775204471 1.03259719980821e-321 
1.88482330427732 2.35572534350831 0.532412025926532 -0.648262252146047 0.314339508871575 0.578985042851917 0.296313416574683 -0.318710650396711 -0.145749538223618 -3.04155897628871 2.49509344036455 -0.816963906594077 2.01487889195286 -0.4363534867723 -0.951327019797496 0.407296128800567 0.632304864768911 1.43020885593525 0.917982305040224 -1.94684902040721 1.17974789132759 -1.63228353593662 0.145708752104733 -0.850838947595596 0.804787399073176 1.03259719980821e-321 
1.52425773084025 2.81191063614759 -0.365546662401042 0.292961486820005 0.624878039737924 -0.844655443593626 -1.006144078472 1.01099054054402 0.0758536713478721 -2.13446846874616 2.18137569323162 -1.63495383016698 1.1976619170412 0.785598796854875 -1.48032905675112 -0.0350173696904689 -1.17716677738567 1.52864487860028 -2.80922360208838 -0.271128562117231 2.52777008760645 -1.01475078754114 0.886763852025454 0.404221983677572 -0.276457033123147 1.03259719980821e-321 
0.282449681839946 3.20684609424134 0.132833693310737 -0.989851182631953 -0.0147860439383574 -0.427419924345939 -0.440978581562572 1.76730236749308 0.0170913811655581 -0.198820982073433 1.43401102865661 -0.223369226228701 1.90131557636467 0.268752070838177 2.2677315936292 -0.486838204051413 -1.63058482135694 0.782678995255375 2.38280664316432 -1.58972835401272 1.40251309738657 -1.0120692803873 -0.871767885084712 -1.19125172462553 -0.265874546494668 1.03259719980821e-321 
-0.106544634984685 1.89630699623051 -2.74558386332985 -0.324547048753499 -0.269874730086918 -2.62066517139889 1.58013545840323 0.545392169389241 -1.04330217940389 -0.471701130811704 0.179933880741059 0.200962654485823 2.24747139418242 -0.679054162437759 1.30554319936953 -0.245425337234892 0.512541750896914 -0.475556899670044 0.702630943041017 3.96755459836242 1.22804220097401 1.49462969702316 1.28001333050845 -1.70983459602486 0.575471845955797 1.03259719980821e-321 
-0.626134785760146 -0.24257185481862 -1.22985346682544 0.0831398978546496 0.553435433073178 -2.70499445171318 -1.3934618445665 2.7088189584628 -0.149755468643163 -0.310191508024869 -0.34063854347675 -1.60268201109042 1.26550304682716 0.338147108158911 -1.5156300909978 -2.25808386350738 -0.929302339072216 2.60963766972123 1.29837830237282 2.08720249593437 0.616926219830379 -0.20399472171784 -0.0279374616971611 0.32972120226195 0.616325203007113 1.03259719980821e-321 
-0.518983685112958 1.69362575014134 -0.421536633319036 -0.674362197803761 -0.560023913136507 -2.77326705429859 0.0378840205706492 1.20079115760889 1.2764133608033 0.426106974395905 -0.338925565445804 -0.558400003625935 2.28684877925377 -0.405615731338739 -0.0676624296643467 -1.18157994348745 -1.15090334142542 0.83662594969071 -0.673502128112034 1.16296608399033 1.59131672993067 -1.05785993924723 -0.544469065260132 -0.143126753456939 1.09258979686812 1.03259719980821e-321 
-0.835273012324506 0.787136314274555 -5.91077146939161 -0.59437741595624 0.496287821147336 -1.81731130686954 2.56654766548381 1.11120641716776 0.193956741833013 1.00743052471236 -1.19885893936664 1.08694444549512 1.85740864173225 -1.15037569473114 -0.641646303221633 -1.20835767202429 -0.0316322643681018 0.830779627261004 1.76215152737672 -0.749481479449668 1.77159238880489 -1.42125497935639 0.369429104590652 -0.934558683438001 2.29429960717976 1.03259719980821e-321 
2.6495787406502 -0.266396974990532 -5.56458519799765 -0.581329502168978 -0.423336632082599 0.930846672161845 0.825586699263359 -0.17448816149238 -0.655033435261753 0.832454341886369 0.150491532573228 -0.864848714557097 0.483946503085557 0.666325836152922 -1.86796877210393 -0.795453153136446 0.396791543571022 1.30281451282842 -1.48660420199022 0.192870568405931 -1.23478513329384 0.34711376996603 1.32125706255624 -0.812141139107058 2.50786477890098 1.03259719980821e-321 
0.718656199652873 0.553713526154008 -5.21230304799085 -0.320383166320887 -2.07105931053365 1.4848377569204 1.23541258677122 -0.821251895606055 -1.2544097470326 0.880388393278423 0.812049677013626 -0.86520906921014 0.612920089165021 3.54156270868634 -3.26357669683327 -0.307024450224973 -1.28202080930235 1.2745871335115 2.56022247347402 -3.74594705570056 -2.13278064024807 -0.255020751956811 1.09680061903392 -0.830400898379062 2.9802337208424 1.03259719980821e-321 
0.733853986226443 2.65986027944013 0.261883840241692 -2.12935867880648 -0.376085983914181 -1.11313746492887 2.03186104739794 0.956005846280203 -1.63742868149002 -2.88039295149494 0.84640090576836 -0.211363253912167 1.99330240749369 -0.7521926775837 0.468554940071582 1.77076083523889 -1.29410360845853 1.47820449910028 0.0821540878678337 -0.457450044777294 1.02358426092487 -1.48368940412335 0.814980932363093 -1.6433683781658 1.27926448754076 1.03259719980821e-321 
1.1084114752007 1.73934113301105 -0.882768105608789 -1.3965691811442 -1.40867009225403 -0.294433173970487 0.982776214106225 0.982016186651785 -0.62506514152255 -1.47825990703419 0.726024230522481 -0.558362997175109 2.55503267338598 1.19784513615866 -1.22000812367237 -3.95446513021894 0.0271397651273697 0.654809811897162 -1.73351316774899 -0.536881768596836 1.32119190504324 -1.95448436228145 0.924180276469745 -1.48464189603374 1.00544675280609 1.03259719980821e-321 
1.02990649311854 1.7900103187426 -3.67094811634596 -1.02444656472206 -0.17551553538322 0.117384044534465 5.01637649293755 -0.383530701265539 -1.08601471068862 -0.278619343845226 0.496062049051353 -1.89808360031479 2.93621932042641 -2.29357739797892 -3.60945745562084 3.04193204265829 -2.48875834275281 -0.156939499820138 -0.919144253365158 -0.0380903844008289 1.98637568141457 -1.62740622354076 0.782186766029581 -2.42667092994671 2.67343897554091 1.03259719980821e-321 
1.21033573612032 0.717774446742525 -3.11381752673802 -0.818463712354958 -0.583204906294403 0.325457614821682 5.74296304822261 -0.981822886738273 -0.665717788049613 -0.956223642107786 0.722222557558653 -1.47891942360632 2.39035369077883 -1.01095197718552 -4.95980881724122 2.72903860082822 -1.52022914467473 0.35824835798897 -0.064061675050153 -0.399802397760338 3.4882376271863 -2.04817290819841 0.215418427213464 -2.79365332906613 1.23503045397132 1.03259719980821e-321 
0.692796566924086 2.4919570919157 -0.280110990484524 -1.62186403833214 -0.72842170816847 -1.46419889510104 -4.06572017492577 0.806773966360536 -0.280052621536098 -1.91599058429516 0.880317084417592 -0.463661795814875 2.72665816602025 0.40510086916348 -0.362742982129468 -0.956067236885441 0.578631828368897 1.66025345830897 1.07978474863511 0.395509615237837 0.727018511543037 -1.41288203693968 0.874343132053809 -2.22643532389691 0.776126879751204 1.03259719980821e-321 
0.634970853370784 2.62420010634644 -0.767842160444802 -2.02010301040963 -1.52722360904283 -0.417481466795628 -2.35954893665656 0.74389413644031 -0.379406050079578 -1.43699719599303 0.0531157550946725 -0.744634205804617 2.25502044876213 1.28844038143968 -0.664591135497109 -7.40264358474964 0.920118681964819 0.559137122367403 2.16142561283871 -0.44463422077919 -0.267399911993852 -1.39130773106479 0.752962540582227 -1.44265654951112 0.803836229417236 1.03259719980821e-321 
0.163683505160721 2.70317331323666 -1.09245940928597 -1.81068416802267 -0.975018606972006 -1.18735312817181 -2.17921933472494 0.728959435602377 -0.586113382883735 -1.67737938893763 0.561157585675616 0.236222453989947 2.80739369351339 0.283225422924514 -0.735203232473359 -5.12082379896192 0.452405047299516 0.311867628809831 1.33872705458066 0.32131169678458 -0.438086695886525 -1.53047891358125 0.786878275064282 -1.37439646683701 0.0418453734592479 1.03259719980821e-321 
6.32447039378803 -1.97948246543671 1.78546239125928 -2.20875676369955 -4.58784206037877 -2.38066829805844 -1.57739271358944 2.96309057193598 -4.15687923498126 -4.4374896147797 3.41785441745231 -2.17435800743604 12.7976237894767 1.33664032178748 0.158321692180633 -1.41268283854523 -1.07239867140925 -3.11330257511551 -3.81858033779055 -1.17935363460452 0.802478720669997 -4.87833218065027 -3.46933567590714 -1.29689794991626 6.83856048615605 1.03259719980821e-321 
-5.09994853070232 5.14033132133112 1.3958134070435 0.888100430372639 1.60340033479894 0.188407874586755 0.29896301853106 -0.711766969502764 0.208785972942824 -1.01503471006064 -6.01644873184235 -0.692673385792515 -8.3457053965683 2.67880850784212 -0.699405878939147 -3.92931161147764 -5.93417479702804 1.82410723042266 -3.43859668719475 1.99371951934084 5.62258677973412 -5.86259915293905 5.9949105332042 -0.692300447719853 -7.50164451226615 1.03259719980821e-321 
6.05452961107911 -5.37570245065987 -0.556110280262531 -1.93592823555964 3.73867845403169 2.73182597759997 -0.548982072336953 3.49948775020671 -3.68921404955033 -0.890553361370868 6.90440320063621 0.346119523439165 11.8159782805982 -7.0050789292556 -1.17115470730666 0.248221438312641 -0.788491698808629 -1.19370141858993 0.304323308714719 -3.75043777716179 -4.18446239951255 -5.1821702970359 -4.41199495994032 -1.37651260003919 7.18761203194061 1.03259719980821e-321 
1.14978464170432 3.130448401827 1.10943695007982 -0.330745236133122 -5.52647016443292 -2.78813187726916 -0.53922865896518 -1.35238164432905 -2.15346890586804 -1.99926498577561 4.74885902058656 -1.98817221783121 11.2935170646216 1.14837258626877 -1.39190951100984 2.02133186630744 -0.162661343828345 0.0540376559495829 8.23380620178086 1.58542899283003 3.39485229253785 -1.22208405677642 1.57529024259778 -1.78382688904663 9.60279466895978 1.03259719980821e-321 
-4.9973466821251 2.36456719120305 0.0328975274503866 -0.517435129002331 -3.39921603639848 -3.63434918213359 3.19069819559823 1.14060505752879 1.96884318086553 -0.993435771262109 -2.16401569656191 1.26577916840941 -3.29631876511257 5.42121903577067 -0.587806032405608 3.171676561974 -0.827191640533278 2.41211153540002 -0.615838623794973 6.03592983045193 -4.61942011672757 -1.94925632220577 5.06701380412526 -2.33432933854974 -5.29102086295064 1.03259719980821e-321 
1.4020981688704 -1.39843838694851 -5.04396588830944 -1.31557037186428 3.1512199925731 2.29162801032356 0.194144536535444 3.41492839281362 -6.59606859344751 0.659316483355037 5.77879707332035 1.42659490453321 -5.01791250114905 -3.82012233109403 -0.869327932075223 -0.305187204902147 -0.671086207175165 -3.75886567832085 -1.36089714708391 -2.89590036237617 -3.40961973194536 3.99219622788481 -2.831293224825 -1.28715909207928 0.73813004593751 1.3487992131466e-321 
-4.18381819442199 4.88808303143798 -3.79897981587286 -0.581629175824345 5.32430684258188 3.61147118750423 -1.36011293490845 2.81967742873693 -3.26481737890396 -0.620585476085968 0.68517932499777 0.506896350628313 -3.56215545150303 1.88173765184743 -1.24727957044086 -3.5975148894449 -1.66252811481063 2.54808733077829 -2.64091296289591 4.24156283675378 2.81349948966772 0.906617515238249 1.39759144938134 -0.983070496896861 -2.48869824396848 1.63041663127611e-322 
-0.623784278311837 5.76696886965459 4.95132956008525 -1.13287174407069 -4.01126538045696 -3.87832135566858 1.98825059795569 -7.34261657031159 7.4856937475413 -0.799078450401402 -1.55276881888484 -2.1084664330128 -5.33610941456628 3.74806061066873 -3.69041786511875 4.36606170494685 0.476929385339984 3.39412717732426 -0.263439275705415 -0.389346346556106 3.48693904395443 1.77113683165844 3.09130446768925 -0.670640583844567 -4.74108257277983 1.03259719980821e-321 
3.83452147447186 -2.09177677963183 -3.69081071648695 -2.41732907231239 4.55215936217371 3.08744225475356 1.2643867753894 2.98385656032389 1.18439556693967 -1.90745378163785 -1.15865545049588 0.33989580713517 11.5704851777382 -3.8348834300788 1.66616282252809 -4.85391537756136 -3.95039782308635 1.38920866410673 1.84309208796669 -3.55955528484384 0.378862557675286 0.462275796345913 3.48598436775417 -1.25676092453073 6.77055953617905 3.2114266979681e-322 
1.9099229551408 5.60941443831465 -2.94790383080586 0.0535684161337677 -5.64947452203873 -2.33784182250374 2.51868115555165 -3.27691404014006 3.9773954726517 1.6458138289264 -4.89996283714371 -1.78409853429277 -2.21375713642625 -2.27533595460857 -1.74287952123575 -1.88883437003658 11.9123865881115 2.71660205501879 4.3100109171038 -2.99936030151024 4.79157070133652 0.597718809120708 -1.83928048209981 -2.08189809604481 -0.530683679319701 3.2114266979681e-322 
-14.1873633654364 -26.0231882971553 -3.85347183400533 -17.9209519493737 0.848775658630497 1.32308543346639 -9.47260723002654 -8.37807512524386 -0.613238413696076 -5.38397945749626 -11.6922088686258 1.46475748369548 -33.7950635459301 -10.9024521558507 -15.1565807143836 -10.2298875293893 3.37437424536879 -11.1445737853743 -13.7014643227456 -13.3793230637748 -12.0229039407238 12.7166809148344 -12.0403375211784 -13.0810504693306 -20.0534825807286 3.2114266979681e-322 
-2.38559066502794 0.81822571071767 -1.71427318212134 -3.16902513400768 5.27143011497819 -3.14952643309798 1.87637309125411 -3.8843403931302 9.65352041516415 -2.25786974772001 -3.56453043518044 2.00845907949447 -12.60814499893 -5.82795991342166 -5.08770109617858 -2.07784266881472 -0.603655161747574 -0.156776990491967 -2.20529101395119 -0.422442659720707 -2.15474900546486 -1.05740155726084 -7.32435505452362 -1.79024681299507 -2.7144106935858 3.2114266979681e-322 
-10.4604713509954 -3.98099774664859 -11.3915870821297 -12.152834256327 -4.66714993051974 -8.16641041748868 -9.09436512609648 -3.24078638426923 -8.10184401712221 -9.80527762787556 -12.0098758240412 -11.3274711693159 -6.32003711242906 -6.08767869084227 -12.8766627984435 -9.59490632670223 -2.13273718022244 -9.01471004972009 -10.9197932754434 -5.95008728548683 -3.87752200437303 -2.21511347820109 -13.3277494963983 -7.94917079011846 -9.44500327769417 -6.38500825552861 -9.66878364056968 -8.16578302179183 -8.47097461257974 -12.8799283226482 -8.3754269364775 -11.1218679006046 -5.76742003389287 -13.4345773466663 -7.80518781946732 -4.64833992470158 -2.93907725556386 -4.2542579259508 -7.9303737205802 
3.54920909929794 0.920119620208669 -2.78660664657594 -2.55346236244343 -1.12020413420816 -3.48578463503364 -0.623655324287521 -1.34083698270146 -1.51560585767542 -2.39315817421542 -2.92152494834023 -2.25893305621576 -1.31247389047711 -1.27445520521407 -2.53721194978762 1.1585418995901 -0.93104647201049 -2.80732517416785 -3.2098227370174 1.06204066292662 -1.4848314444587 0.148207180271906 -2.90925721673033 -15.7410007097252 1.3464425758777 1.05432727761439 -0.0480552938618011 1.19949374488579 0.314209905597052 -2.61387958649759 -0.868798607529111 -1.85451563355882 -0.114349793901304 -3.14680619760446 -2.11618450264417 0.566408535172493 1.58387559139824 -0.37794104704124 1.46625756031732 
-1.70831737506752 -0.766097123994579 -1.57711370553525 -1.06734583319054 3.03934589705601 -3.53873339490085 -2.5717942026995 -2.30985430729222 -1.77443363367957 -1.96325846384036 -1.08997268753357 -1.31044012303531 -3.70579685462559 -1.53476481329055 -1.01309689172628 -1.73459055377605 2.36681554813756 -0.0740779526528236 0.0201193447305527 -5.50544674993429 -0.537199308895289 -1.34045442625029 -1.63734150277278 5.80684046498756 -2.13017007027038 -2.18479722056332 -2.67998533965261 -0.69399765488479 -2.43468030690377 -0.915074322833047 -0.709309061056919 -1.33743593368856 -1.98023936550197 -1.54382667155442 0.92965013065283 0.560571445839019 1.25887460335046 -1.45233367871473 -3.2392026997875 
-2.41302357682317 -0.373098820217887 -1.62974561639972 -2.23719330081045 -2.36590340737482 3.09795464427908 -3.0243102908722 -0.395303332567502 -3.12125407746882 -0.842099112816366 -2.6867576615358 -1.48417583712594 -0.205479163141272 -0.190119045734451 -2.69250511894777 -3.02379943312325 -1.35192186860725 -0.967523326682263 0.0882308279198012 -1.49533789831898 -0.230566514861792 2.72170133601322 -2.0024345767212 -4.11765952183631 -1.64124814878748 -2.39576309986296 -2.86140418561059 -2.10711467543569 -1.51252252344545 -1.82017844881691 -1.27642606904198 -1.60612359827671 -0.342719789872773 -2.24023657075283 3.09773201764157 -1.66938727361856 -0.575376416949836 0.369000757292166 -1.10922210088131 
3.18655967046066 1.45437055932223 -2.519621845659 -1.85241804885669 0.359766744148679 0.977711441929898 1.99317048444157 -1.19287599497714 1.73763514093769 -1.42855033330324 -2.51006584147281 -2.21323759872758 -6.14634653188358 -3.62014210012056 -2.50718921205866 1.55658851002774 -1.68226239091424 -2.36574980857098 1.97216562471289 -8.52908988222948 -0.536931307443802 0.271896521713003 -2.2647243006828 0.301455712812092 0.759933522580077 2.20231251038305 -5.06763858503049 0.924395672302891 1.0847507304415 -2.28952082334541 0.568161630145271 -2.25283273792072 -0.460173821294412 -2.50963657115045 0.843220981696172 0.846848870723204 -0.470598697348761 0.598237201864618 0.731397034287768 
-2.175945092273 -0.0491494470146753 -2.29820473883868 -2.66456540176671 -1.05004965396207 -3.26869658597515 5.10075216157523 -6.83077974430821 1.15446480650036 -2.74451693715678 -2.67025075742862 -2.4037406093429 1.43525938344347 0.256991542771957 -2.90123642288058 -1.5461806263334 -1.23999796367256 -2.23967715329991 -3.86024944349871 1.75746658764544 -1.16606499775888 -0.81400142641478 -2.3204737784222 -9.29726458213141 -4.48135589680624 -0.932991882335315 1.72034404026538 -0.135548435866472 1.17334014378215 -2.48393054087557 -3.32848455450495 -2.07872468890857 0.844480597506844 -2.53804277441614 -3.95980633624487 1.95997094507529 2.06133368846377 -4.33371842495593 -2.61458726676166 
0.465900206734215 0.226855291046507 0.0490268516131696 -0.195179180187 -0.735962826819119 -0.586054288888308 0.0298302726329116 -5.0939411637949 -0.634093832056923 -0.368402962619534 -0.887369428776336 0.0465106508463146 -0.0735917677444945 1.05629002751309 -0.333712046880609 0.0493956680389555 -0.307684219356789 0.0959586880602668 -1.35806753052286 1.27496419006774 1.85591788012412 -1.41651324652602 -0.552900951417305 -8.30037137605136 -2.23074133573178 -0.865800296901691 3.71601848612633 1.99444310621237 0.526598944397501 -0.18135216420459 -2.20038800022877 -0.628292632808089 1.63659149105676 -0.745727346482236 0.149942422929132 0.360040644088587 0.0602214105097526 -2.74579927541903 0.65628583683307 
-1.29470728867015 0.4250134785377 -0.249143763047127 -0.498363128693695 -0.463210827407246 -2.14754199794454 -2.87542804297046 -3.36463101186567 -0.648525511696451 -1.03770526128009 -0.860073320749421 -0.817039579050845 -3.10093378886378 -1.00529908698143 -0.123492592204715 -0.88354906227489 1.25486284321155 -2.10316087697563 -0.847534571797494 0.440361978458442 0.211852614713404 -1.30015881666209 -1.14204608802994 -7.86248173134694 -2.69932006460641 -0.398638523419003 -1.41068444011426 0.418418125133206 -1.87329938786701 -0.4819654783301 0.148117599022592 -0.540511726739085 -1.42732542871407 -0.527838799202249 0.541020136452047 -0.0611861442998559 -0.499524100740345 -0.765750509535782 -1.33866273747743 
-2.35021773946253 1.26187682018707 -1.95980838335091 -2.68606854297172 3.16998110728202 -10.0328259128528 -5.32758318326053 -4.48916107912424 -7.32651571742409 -1.59488711268633 -2.94774693276555 -2.10836387429867 2.78666617397226 1.91358842969379 -2.60925162685491 -0.580010186559579 -1.35939997620092 -4.24862972379129 -4.75001625018846 1.26087834702916 -0.578798437885747 0.526520337899373 -2.94319955087908 -14.1250712895993 5.59343871468681 -1.40927838839886 1.43594025811414 1.10123562007067 -1.27382948424755 -2.51547207560173 -1.5034991384134 -2.08638420812529 1.37894370347684 -3.0052149616703 -2.32125545834619 -0.763458183164921 -0.335755538686405 -2.45678772772968 0.240123393135245 
-2.91311186176353 -0.363338203110071 -2.56115789245516 -2.27102736328729 -6.27576030732697 -5.27494854911149 -3.91322619404358 0.933220812573586 -1.19082572118569 -1.40428185046796 -2.11125009536919 -2.3793253480915 1.63782339961967 0.247900060286387 -2.14279503749312 -2.71720281789815 -0.488742733607095 -1.76746175378765 2.21720835150304 -1.96342690510024 0.76289503618814 2.85525073083915 -1.87836775069914 -17.452490589156 -2.56659689278882 1.63661877829 -4.57051068890779 -2.64610922703007 -0.553698919271906 -2.66519083246239 0.913682173453367 -2.40279318734457 -0.692840155728282 -2.70171414006061 1.50895829308053 -3.27243840781619 -10.2028826278156 2.30690749364576 -1.73676885053647 
0.242985602997312 -0.217024891039534 -0.821789874115942 -0.53500628868541 1.11497614052751 6.40963038441484 -0.900453862237105 -1.28463731989785 0.0505616645283382 -0.99871736084025 -1.09068929853107 -0.234785621121762 -4.95164186142765 -0.86652443082836 -0.254325697673172 0.750072706579647 -2.36579970099844 -0.329071861277057 6.23409649720605 0.542796726089521 0.767104422834065 -0.73832071240825 -0.902950560233804 -9.08923575812264 1.99408180739876 -0.940611526146603 1.41179701001337 0.0819139431366231 0.450456303378304 -0.639082960903746 -1.30269785508518 -1.04008342810033 0.200553502152049 -0.270664448834381 5.21130964774408 -0.335445207831068 -0.363506130848782 0.332397275973586 -1.05696911404147 
-1.84149733343066 1.29538520281962 -0.0368620066432167 0.130235841148424 -1.74764580420324 -1.64550719330554 -2.92482883082016 -0.207807627191854 -0.732909220359213 -0.332691563275173 -0.0200834359755037 -0.265167802466204 -0.815518907991611 -1.22298663563166 -0.118809585561399 -0.405622013444152 -2.29148324848264 2.01887113604751 -0.923717958581535 -1.45891157973621 -0.726302326450953 0.223098401094105 -0.0982566701198955 0.153281247894382 1.97184301890884 0.919225026386587 -0.147059969276061 0.357245563467334 -0.939870587836908 0.266903405643751 -0.626161168375872 -0.770574868029792 -0.450371199712297 -0.139279552897006 0.72130122699837 -0.265757312848642 1.39291699376675 0.26022454733726 1.51345857075541 
-2.06807043091234 -0.510222436330041 -2.19965091268433 -1.62932931225301 -0.298043873341091 -3.94681972802383 -2.6069125324967 -3.16646399170935 -1.31811859109037 -3.20530690992338 -1.88618734132174 -1.80811980673307 -9.78895359850892 -4.6924254513825 -1.88880167078382 -0.937892489919944 0.553391363326405 -1.49889268025434 -2.5879071686062 -0.623973714805944 -1.38027810630101 -1.86831485970113 -2.11016892279332 5.48286738649481 -2.34965094836311 1.45972634565343 1.83292975947467 -0.487113399400252 -2.72566482507268 -1.8600223835405 -0.624670105659942 -1.40081256764806 -1.97516320386263 -1.63980892042336 -1.1215772637934 0.669844512001687 1.3576498697455 -2.12534366845346 -0.939531678535928 
-0.965993337930811 0.908494457056241 -1.70203676818558 -1.56810208532923 -1.35836044440506 2.46067971988949 -4.58572932216539 0.865491840892493 -1.62954743942697 -1.76491180256767 -2.00853262182356 -1.55499251275367 -0.834646334200594 -3.170666386712 -2.15953893258129 -1.58836624147739 -3.94733408323263 -0.207527713398762 -1.99011422981088 1.78145578509119 -0.673227009934639 2.33483923654364 -1.73371981927038 8.20799703702652 0.603037308672403 -1.27801564422688 0.522090067896483 0.857709944464852 -2.23659123410171 -1.79575477032908 -1.99642617225574 -1.78656317684353 0.722773726477313 -1.98348528990204 2.16445376454436 -0.761325188648405 -2.5473812322442 0.885153733294853 1.30602031553945 
-1.09612015193283 -0.124991064279463 -0.858829946165774 -0.689487738984435 -0.256648252565829 -3.33016799947605 -1.84321822884785 0.335498628827397 -1.47591804015653 -1.87461769700458 -1.12018255414756 -1.24921759371318 -3.04038776668236 -0.575153404367551 -1.00739619249244 -0.966183509470104 1.73863854980228 -1.61030431217642 -0.1623262347456 -1.64325255879182 -0.988470342073077 -1.54895366974081 -1.36922799852755 -4.08527814147431 -2.33638688756652 -0.458249735391289 -2.44858406459194 -0.192931981956462 -0.296644181596792 -0.935359689552829 -0.917573309315993 -0.675152467550285 -0.558634454321916 -0.35897971545919 -1.7176563785087 -0.0484405827072952 -1.21114583326027 -1.05287092495606 0.904653237386467 
1.54118566842887 -1.7289002631638 -3.01915563459881 -3.04097784571524 0.647133526877107 3.1639017166054 -3.46025634442506 -1.89772163519906 -5.46592898422646 -2.29737138519287 -2.59612178895597 -3.17895268666144 -2.43035535989885 -1.464071575292 -3.370058142313 -1.66614075835897 -0.135354733759194 -2.93182010549755 3.57135032697707 3.18935808798578 -0.258676449632061 -0.326179938127452 -3.13605110901908 7.02047333013736 -0.612064323140092 -0.422854935419505 3.43448663813067 -0.429317374463813 -1.15173198369686 -3.06837933442482 -0.272778676677173 -2.75527261637589 -0.329561349460005 -2.57379649389555 1.97310242219805 -0.272213897508793 0.36538388152832 -0.120068244504394 -1.84572654377274 
-2.09856584826293 0.700675221051158 -0.629741916435759 -1.03831251241829 -2.33330665603118 -0.226251382306529 0.154735545055497 -3.12040910098466 0.834742458565579 -0.886364403493548 -1.35098684263872 -1.0770430198873 -1.3801591118996 -0.371217481033738 -0.655641549195014 -1.05586650321982 1.80862735296283 -1.07600476941574 -1.36538654998303 -1.7844907255637 0.371058240069544 -1.58656948038996 -1.62423281773127 0.66812570783005 -2.80177861640616 0.0376690468220046 -2.21279252608126 -0.341328695759728 0.883280587464989 -1.01671639399206 -2.32907167057845 -1.60284619390061 -0.90093424913629 -0.555845464314944 -3.52466881838642 0.676048029748674 0.715317389767716 -2.38992147925792 0.194685987723861 
-2.67706232717112 0.247401340927438 -2.53710942710418 -1.99703067838164 -2.16270175504558 -0.32756737450643 -3.84575167451934 1.31784684048839 -0.448129084254819 -1.03804042594614 -2.25052058528439 -1.6831100069492 -1.04701184519351 -0.6832741872154 -2.17644592354412 -0.456289061621092 -1.06189651984119 -0.467362103852075 -0.669037932793403 -2.16256657190726 -0.735760506652183 0.343421139020718 -2.19589347013595 2.9157944588478 -3.4081235848217 0.0169931736847736 -3.08095642873417 -0.431828001086341 -0.642825485536792 -2.20722325491941 -0.739922836760456 -2.38793222839996 -0.268351861079951 -2.691329726549 0.0293044343258603 -2.353642063917 -2.89712850778993 0.940635531600948 0.34891475860559 
-3.20301915285448 0.806777264527781 -2.09263959271402 -2.60505513900644 -3.70216009858368 -4.53168409412996 -4.80075304961838 -4.01831063336646 -4.61113913120729 -0.894921250673195 -2.57722243477271 -3.03342748983793 2.79864208441509 1.57949410726997 -2.41063317949336 -3.44876643570065 1.19306979608376 -2.6251896845787 -1.82934779154487 -3.16571448219226 1.98473472145231 -1.23411726071674 -2.05316753708777 -7.54906562740083 -1.38088332697789 -2.09353092876057 -3.9670294988909 -0.0287362216226092 -2.311933270934 -3.08107535513988 -0.964284599710172 -2.60579019730732 1.59649465770142 -2.71456710448894 -1.92472811744879 -5.03087678980725 -5.45214583250391 0.107600311324628 -2.82240921917931 
-2.86043917477019 0.160303935530889 -2.6661087638424 -1.92037920223967 -1.34760010297663 1.61976643148289 0.156933109417471 0.171078454299433 0.546432164560916 -2.74222722109079 -2.33401164591192 -1.84970989321112 -1.03423398628315 -0.789942694582653 -2.15113218134703 -0.999533240192672 -0.937941960168811 1.14420381963564 -1.82964171746207 -0.785845486053619 -0.717671735496835 0.0954323106497325 -2.57181843974659 3.75970985519351 -2.36563591453186 0.579515214250447 0.00142958498688693 0.135198230336604 0.0424752881156824 -2.55129565055207 -0.607147450952807 -2.0791295803519 -0.582484753672052 -2.20215744925473 -0.484905190433743 -0.374430155110068 -0.351687490462705 -0.334594062638829 0.183536757500215 
-1.30215881199993 -0.860914890259222 -0.585849606328616 -0.789911160904287 -0.452519626663166 1.78738607561225 1.4237864607161 0.0825701531308858 -2.6963331509211 -0.839764682772611 -0.885032255615368 -0.969492031081796 2.5888179016202 1.5771266465222 -0.38830869099104 -2.14996632796121 -1.72675133426333 -2.75588053042941 -0.436727874306407 -5.42916064165507 -2.23678449793467 0.730791705543601 -0.892722942146469 5.70351769038574 -3.24210992165258 -0.288485566171964 -3.46381766345924 0.185020208926146 -2.41133507965085 -0.779991980694712 0.654851058428849 -1.36489921603317 -1.06964397221339 -0.426184906635344 -0.58826976293817 -1.08186364232378 -3.16221530907743 2.48076610153056 -0.98022017189218 
-2.32627557616903 -0.503157924165601 -1.07610347135738 -1.803248947535 -0.346335823138186 0.942765444376646 -4.97005539860853 -0.681614059922104 -2.55314459902215 -0.249601136917636 -1.81571476124949 -1.59373390790518 -0.246155280847604 0.142832644080455 -1.80512311871515 -1.56732732210849 1.70407623795015 -2.15036846491138 -0.88236216376431 -1.41573857112355 0.529190723995572 -1.38705743329496 -1.55898892374062 -11.1391763007582 -1.57193696233522 -1.22786626492327 -3.48121720921091 -0.697433670589778 -1.91723880769625 -1.81945331443826 -1.08285361128918 -1.03878097175224 -0.282577413690547 -1.28315177606129 0.453740072943129 -0.9140122010273 -0.528040160706611 -0.894881951306836 -2.01867799541669 
-1.76988788580451 -1.08106391668997 -1.31852563634473 -1.31152859509401 -0.272839427881097 -4.78258444557377 -2.63497016050128 3.42276915621138 1.37547164784427 -1.2188720866754 -1.66054518601904 -1.18888711549783 -1.1538831048035 0.189909334892643 -0.641650670230934 -1.9321298302659 -0.72002943052438 0.0984577151241503 -2.18642944401451 3.32745014577274 -0.721259355239816 -1.2787217659237 -0.878182563835223 -9.16638650780331 -4.41220084919992 -3.09854148237145 3.46335210514517 -2.22534124502617 -1.97757323997756 -0.638349117514462 -0.79147130374111 -1.01839959847183 -0.671387879078095 -1.5014987899116 -4.84530645429129 -2.50626984053691 -1.69586821465683 2.03303174436807 -1.42413052628099 
-2.98549148894167 -0.619729350023027 -1.61563908405676 -2.17983629117808 -1.22818723233036 -3.68931824762756 -6.90978488320557 -12.8130551262275 -1.45613636147306 -1.33687079857432 -1.87833398440828 -2.54868039239555 0.905500655494228 4.00647573269363 -1.7034012194212 -2.45200987849919 0.718149156571171 -2.67574159606268 -2.12781746403072 -3.3671055746519 0.396560454170017 -2.83084306296223 -1.7828711570295 1.76864572599227 -3.09247464316024 -2.32105059364354 -3.95412530753412 -3.23816525775827 -2.66295823424009 -1.64756517948082 -1.10418222942454 -2.27762414972258 -0.912331141660196 -2.52864489692533 1.39193163034073 -3.54304395476685 -7.58101904238724 -2.92284501447723 -3.57137329053732 
-2.09859820932514 0.572030930959302 -1.76047811220206 -2.1921578904027 -3.38690579552779 -2.16609605658908 0.856290315966337 -2.07416975421624 1.65034822838207 -0.945056879365744 -1.89116293830142 -1.72296197296781 7.81866734368345 6.61764871245569 -2.07665296232878 -0.69477110600143 -2.21122474553981 -1.66178919344962 -1.86038880851552 -3.56003061377826 -0.307659138127374 0.637162990727181 -2.44292937727917 3.25747067678818 -1.33101322340555 -0.875642793886024 -2.65279161723775 -0.463276073795739 2.92431401369861 -1.99280766733214 -1.30116460058385 -1.99726164010491 0.759207943501971 -1.74815950496858 -1.9745681331032 -0.913205124180001 -3.64579595766962 -0.196125212676555 -0.489667417940181 
0.504892609070879 -0.287747723607628 -3.02213286818888 -2.60873862247379 -2.22148695479141 1.70718185692829 -1.30154047651079 1.1441596617979 -1.44412641557393 -2.72423362164412 -2.6136148221279 -2.53424050718615 -0.18886035158907 0.404013785152633 -3.24960018817433 1.02688504979998 -3.07289702962028 -1.76239763295065 -3.65437207204291 1.18022812751734 0.245327753041842 1.90912989777336 -2.25929244835475 -1.72199588855839 0.0722023091095804 0.0450777949508848 -2.67109102691137 0.5198953400755 1.37899172425862 -2.72871352247318 0.22890292745482 -2.58124081883176 -0.883252427876079 -2.48706737989449 0.00774640446855413 -2.42603958087776 -1.7015840790384 0.0846136577731418 0.680866835981307 
1 1 0.998 1 1 1 1 1 1 1 1 1 1 1 1 1 1 1 1 1 1 1 1 1 1 1 1 1 1 1 1 1 1 1 1 1 1.01671 1 1 1 1 1 1 1 1 1 1 1 1 1 1 1 1 1 1 1 1 1 1 1 1 1 1 1 1 1 1 1 1 1 1 1 1 1 1 1 1 
-1 -1 -0.998 -0.994 -1 -1 0 0 0 0 0 0 0 0 0 0 0 0 0 0 0 0 0 0 0 0 0 0 0 0 0 0 0 0 0 0 1 0.41898 0 0 0 0 0 0 0 0 0 0 0 0 0 0 0 0 0 0 0 0 0 0 0 0 0 0 0 0 0 0 0 0 0 0 0 0 0 0 0 